-0.18
-0.175
-0.175
-0.17
-0.17
-0.17
-0.18
-0.2
-0.175
-0.165
-0.205
-0.19
-0.22
-0.21
-0.22
-0.24
-0.255
-0.275
-0.265
-0.27
-0.26
-0.28
-0.265
-0.28
-0.265
-0.27
-0.275
-0.295
-0.275
-0.275
-0.275
-0.24
-0.285
-0.245
-0.225
-0.235
-0.24
-0.21
-0.22
-0.18
-0.175
-0.16
-0.2
-0.2
-0.19
-0.2
-0.2
-0.22
-0.22
-0.23
-0.26
-0.26
-0.255
-0.29
-0.265
-0.24
-0.235
-0.25
-0.27
-0.275
-0.25
-0.265
-0.25
-0.27
-0.25
-0.23
-0.27
-0.265
-0.26
-0.26
-0.25
-0.27
-0.26
-0.26
-0.27
-0.275
-0.27
-0.255
-0.28
-0.345
-0.475
-0.655
-0.855
-1.07
-1.22
-1.25
-1.15
-1.02
-0.86
-0.68
-0.485
-0.39
-0.295
-0.245
-0.21
-0.175
-0.165
-0.15
-0.16
-0.145
-0.16
-0.145
-0.16
-0.145
-0.155
-0.16
-0.125
-0.13
-0.13
-0.135
-0.145
-0.125
-0.13
-0.135
-0.125
-0.135
-0.105
-0.115
-0.105
-0.115
-0.115
-0.1
-0.11
-0.115
-0.085
-0.1
-0.095
-0.11
-0.08
-0.1
-0.095
-0.085
-0.115
-0.115
-0.13
-0.14
-0.165
-0.16
-0.16
-0.19
-0.195
-0.185
-0.22
-0.21
-0.22
-0.205
-0.23
-0.245
-0.235
-0.24
-0.25
-0.22
-0.245
-0.255
-0.255
-0.24
-0.25
-0.24
-0.23
-0.23
-0.22
-0.18
-0.195
-0.195
-0.19
-0.14
-0.165
-0.175
-0.19
-0.19
-0.21
-0.215
-0.22
-0.22
-0.25
-0.275
-0.27
-0.285
-0.285
-0.29
-0.28
-0.295
-0.275
-0.27
-0.275
-0.27
-0.285
-0.27
-0.28
-0.305
-0.29
-0.285
-0.29
-0.295
-0.28
-0.285
-0.275
-0.275
-0.275
-0.29
-0.285
-0.32
-0.31
-0.315
-0.355
-0.53
-0.815
-1.175
-1.465
-1.68
-1.675
-1.49
-1.24
-1.005
-0.77
-0.57
-0.41
-0.34
-0.27
-0.23
-0.16
-0.16
-0.16
-0.165
-0.175
-0.155
-0.15
-0.16
-0.16
-0.17
-0.15
-0.13
-0.135
-0.15
-0.14
-0.16
-0.155
-0.14
-0.12
-0.145
-0.15
-0.125
-0.12
-0.145
-0.135
-0.13
-0.115
-0.095
-0.115
-0.105
-0.105
-0.1
-0.09
-0.105
-0.105
-0.1
-0.105
-0.1
-0.11
-0.15
-0.145
-0.16
-0.185
-0.195
-0.19
-0.21
-0.235
-0.235
-0.225
-0.255
-0.26
-0.25
-0.24
-0.25
-0.255
-0.265
-0.25
-0.255
-0.26
-0.26
-0.26
-0.255
-0.255
-0.22
-0.21
-0.205
-0.19
-0.175
-0.18
-0.17
-0.15
-0.175
-0.17
-0.185
-0.18
-0.19
-0.2
-0.195
-0.205
-0.24
-0.25
-0.26
-0.275
-0.265
-0.24
-0.27
-0.26
-0.25
-0.23
-0.255
-0.24
-0.26
-0.26
-0.24
-0.25
-0.25
-0.24
-0.245
-0.27
-0.26
-0.26
-0.25
-0.26
-0.255
-0.245
-0.26
-0.26
-0.27
-0.25
-0.36
-0.56
-0.82
-1.12
-1.35
-1.495
-1.46
-1.28
-1.04
-0.815
-0.6
-0.45
-0.345
-0.25
-0.215
-0.185
-0.155
-0.13
-0.155
-0.155
-0.15
-0.13
-0.155
-0.16
-0.12
-0.13
-0.14
-0.13
-0.14
-0.135
-0.145
-0.125
-0.135
-0.145
-0.155
-0.15
-0.14
-0.125
-0.125
-0.14
-0.125
-0.12
-0.1
-0.1
-0.095
-0.095
-0.1
-0.1
-0.095
-0.105
-0.1
-0.115
-0.105
-0.11
-0.135
-0.14
-0.165
-0.19
-0.17
-0.18
-0.195
-0.22
-0.215
-0.24
-0.24
-0.23
-0.235
-0.23
-0.235
-0.26
-0.25
-0.27
-0.25
-0.255
-0.245
-0.26
-0.255
-0.255
-0.245
-0.215
-0.23
-0.23
-0.21
-0.22
-0.195
-0.19
-0.165
-0.165
-0.19
-0.195
-0.21
-0.225
-0.225
-0.205
-0.22
-0.245
-0.255
-0.285
-0.3
-0.305
-0.295
-0.295
-0.275
-0.28
-0.27
-0.245
-0.26
-0.26
-0.255
-0.275
-0.28
-0.27
-0.285
-0.29
-0.285
-0.28
-0.295
-0.29
-0.285
-0.285
-0.3
-0.295
-0.28
-0.28
-0.275
-0.32
-0.51
-0.72
-0.96
-1.2
-1.375
-1.37
-1.255
-1.07
-0.885
-0.69
-0.52
-0.385
-0.295
-0.24
-0.225
-0.18
-0.17
-0.155
-0.155
-0.17
-0.16
-0.18
-0.17
-0.17
-0.165
-0.16
-0.155
-0.16
-0.165
-0.15
-0.15
-0.155
-0.145
-0.14
-0.15
-0.14
-0.16
-0.16
-0.15
-0.125
-0.125
-0.14
-0.125
-0.135
-0.13
-0.12
-0.11
-0.1
-0.105
-0.115
-0.125
-0.11
-0.14
-0.115
-0.155
-0.16
-0.18
-0.17
-0.205
-0.195
-0.22
-0.215
-0.22
-0.22
-0.235
-0.22
-0.23
-0.24
-0.245
-0.235
-0.23
-0.235
-0.23
-0.245
-0.235
-0.23
-0.225
-0.21
-0.22
-0.215
-0.2
-0.215
-0.185
-0.17
-0.16
-0.14
-0.14
-0.17
-0.195
-0.18
-0.155
-0.18
-0.2
-0.205
-0.195
-0.23
-0.275
-0.275
-0.28
-0.275
-0.25
-0.24
-0.265
-0.26
-0.245
-0.26
-0.245
-0.25
-0.26
-0.26
-0.26
-0.255
-0.265
-0.26
-0.26
-0.25
-0.25
-0.275
-0.285
-0.27
-0.275
-0.265
-0.255
-0.255
-0.335
-0.475
-0.68
-0.88
-1.12
-1.245
-1.25
-1.155
-1
-0.8
-0.64
-0.48
-0.36
-0.305
-0.22
-0.22
-0.175
-0.205
-0.16
-0.18
-0.15
-0.175
-0.145
-0.16
-0.14
-0.155
-0.16
-0.14
-0.16
-0.15
-0.15
-0.125
-0.14
-0.145
-0.14
-0.14
-0.14
-0.145
-0.135
-0.13
-0.125
-0.135
-0.14
-0.145
-0.155
-0.13
-0.125
-0.125
-0.135
-0.115
-0.115
-0.135
-0.13
-0.14
-0.145
-0.17
-0.165
-0.17
-0.2
-0.185
-0.205
-0.215
-0.21
-0.225
-0.23
-0.21
-0.22
-0.245
-0.245
-0.24
-0.235
-0.26
-0.26
-0.255
-0.235
-0.24
-0.22
-0.23
-0.23
-0.23
-0.215
-0.21
-0.195
-0.19
-0.145
-0.16
-0.17
-0.165
-0.16
-0.185
-0.18
-0.185
-0.205
-0.21
-0.225
-0.265
-0.285
-0.29
-0.265
-0.27
-0.27
-0.275
-0.275
-0.275
-0.285
-0.275
-0.3
-0.27
-0.28
-0.285
-0.285
-0.265
-0.28
-0.275
-0.26
-0.285
-0.275
-0.285
-0.285
-0.28
-0.29
-0.28
-0.28
-0.29
-0.385
-0.54
-0.75
-0.95
-1.125
-1.215
-1.225
-1.085
-0.925
-0.765
-0.595
-0.445
-0.37
-0.315
-0.235
-0.21
-0.195
-0.17
-0.16
-0.17
-0.18
-0.18
-0.15
-0.17
-0.175
-0.155
-0.155
-0.16
-0.145
-0.16
-0.16
-0.14
-0.13
-0.13
-0.16
-0.16
-0.15
-0.13
-0.125
-0.14
-0.12
-0.12
-0.095
-0.095
-0.13
-0.105
-0.095
-0.12
-0.1
-0.085
-0.08
-0.125
-0.125
-0.14
-0.125
-0.14
-0.15
-0.155
-0.16
-0.175
-0.18
-0.2
-0.195
-0.215
-0.21
-0.235
-0.23
-0.21
-0.235
-0.225
-0.235
-0.23
-0.25
-0.255
-0.23
-0.24
-0.215
-0.235
-0.22
-0.225
-0.205
-0.195
-0.17
-0.18
-0.16
-0.155
-0.15
-0.16
-0.18
-0.175
-0.19
-0.18
-0.185
-0.195
-0.235
-0.25
-0.23
-0.25
-0.24
-0.245
-0.24
-0.24
-0.225
-0.225
-0.23
-0.245
-0.245
-0.225
-0.235
-0.22
-0.235
-0.23
-0.215
-0.24
-0.24
-0.235
-0.245
-0.24
-0.265
-0.24
-0.245
-0.225
-0.255
-0.395
-0.585
-0.87
-1.19
-1.465
-1.57
-1.47
-1.285
-1.05
-0.83
-0.595
-0.435
-0.315
-0.245
-0.205
-0.17
-0.14
-0.13
-0.125
-0.125
-0.12
-0.125
-0.135
-0.125
-0.125
-0.135
-0.1
-0.12
-0.125
-0.115
-0.12
-0.11
-0.12
-0.115
-0.125
-0.1
-0.12
-0.11
-0.11
-0.115
-0.085
-0.08
-0.085
-0.075
-0.09
-0.09
-0.09
-0.11
-0.07
-0.075
-0.09
-0.09
-0.1
-0.105
-0.105
-0.13
-0.14
-0.16
-0.17
-0.16
-0.205
-0.21
-0.225
-0.235
-0.22
-0.225
-0.235
-0.235
-0.235
-0.245
-0.26
-0.24
-0.26
-0.25
-0.245
-0.255
-0.23
-0.25
-0.245
-0.22
-0.195
-0.205
-0.21
-0.195
-0.18
-0.17
-0.165
-0.185
-0.185
-0.185
-0.2
-0.2
-0.195
-0.21
-0.22
-0.24
-0.28
-0.285
-0.3
-0.305
-0.28
-0.27
-0.275
-0.3
-0.27
-0.3
-0.275
-0.27
-0.29
-0.29
-0.29
-0.275
-0.29
-0.31
-0.29
-0.29
-0.315
-0.3
-0.295
-0.305
-0.29
-0.29
-0.29
-0.305
-0.32
-0.44
-0.64
-0.895
-1.16
-1.39
-1.44
-1.375
-1.2
-0.99
-0.785
-0.57
-0.46
-0.36
-0.28
-0.225
-0.205
-0.2
-0.19
-0.18
-0.19
-0.17
-0.17
-0.19
-0.175
-0.17
-0.18
-0.175
-0.17
-0.175
-0.19
-0.17
-0.16
-0.185
-0.16
-0.16
-0.155
-0.155
-0.14
-0.19
-0.17
-0.15
-0.14
-0.155
-0.155
-0.15
-0.135
-0.14
-0.13
-0.135
